0.000000 4.999245
0.000100 4.999320
0.000200 4.999388
0.000300 4.999450
0.000400 4.999505
0.000500 4.999554
0.000600 4.999599
0.000700 4.999639
0.000800 4.999675
0.000900 4.999707
0.001000 4.999737
0.001100 4.999763
0.001200 4.999787
0.001300 4.999808
0.001400 4.999827
0.001500 4.999845
0.001600 4.999860
0.001700 4.999874
0.001800 4.999887
0.001900 4.999898
0.002000 4.999908
0.002100 4.999917
0.002200 4.999926
0.002300 4.999933
0.002400 4.999940
0.002500 4.999946
0.002600 4.999951
0.002700 4.999956
0.002800 4.999960
0.002900 4.999964
0.003000 4.999968
0.003100 4.999971
0.003200 4.999974
0.003300 4.999977
0.003400 4.999979
0.003500 4.999981
0.003600 4.999983
0.003700 4.999985
0.003800 4.999986
0.003900 4.999988
0.004000 4.999989
0.004100 4.999990
0.004200 4.999991
0.004300 4.999992
0.004400 4.999993
0.004500 4.999993
0.004600 4.999994
0.004700 4.999995
0.004800 4.999995
0.004900 4.999996
