0.000000 5.477482
0.000100 5.509256
0.000200 5.526054
0.000300 5.530287
0.000400 5.524156
0.000500 5.509652
0.000600 5.488553
0.000700 5.462438
0.000800 5.432688
0.000900 5.400500
0.001000 5.366899
0.001100 5.332750
0.001200 5.298769
0.001300 5.265541
0.001400 5.233531
0.001500 5.203097
0.001600 5.174504
0.001700 5.147937
0.001800 5.123508
0.001900 5.101272
0.002000 5.081234
0.002100 5.063359
0.002200 5.047577
0.002300 5.033794
0.002400 5.021899
0.002500 5.011764
0.002600 5.003253
0.002700 4.996225
0.002800 4.990540
0.002900 4.986057
0.003000 4.982639
0.003100 4.980154
0.003200 4.978479
0.003300 4.977497
0.003400 4.977101
0.003500 4.977190
0.003600 4.977676
0.003700 4.978478
0.003800 4.979525
0.003900 4.980752
0.004000 4.982104
0.004100 4.983536
0.004200 4.985006
0.004300 4.986481
0.004400 4.987933
0.004500 4.989340
0.004600 4.990685
0.004700 4.991955
0.004800 4.993141
0.004900 4.994235
